3
Daivik Harsh
1
10 -1 10 -1
10 -1 10 -1
10 -1 10 -1
10 -1 10 -1
10 -1 10 -1
10 -1 10 -1
10 -1 10 -1
10 -1 10 -1
10 -1 10 -1
10 -1 10 -1
10 10
9 0
Daivik Harsh Sudhir
1
10 -1 10 -1 6 3
10 -1 10 -1 6 3
10 -1 10 -1 6 3
10 -1 10 -1 6 3
10 -1 10 -1 6 3
10 -1 10 -1 6 3
10 -1 10 -1 6 3
10 -1 10 -1 6 3
10 -1 10 -1 6 3
10 -1 10 -1 6 3
10 10
9 0
-1 -1
Daivik Harsh Mamata Rajiv
1
10 -1 10 -1 9 1 2 6
10 -1 10 -1 9 1 2 6
10 -1 10 -1 9 1 2 6
10 -1 10 -1 9 1 2 6
10 -1 10 -1 9 1 2 6
10 -1 10 -1 9 1 2 6
10 -1 10 -1 9 1 2 6
10 -1 10 -1 9 1 2 6
10 -1 10 -1 9 1 2 6
10 -1 10 -1 9 1 2 6
10 10
9 0
0 1
9 9
